Prob 2 NumMthds Sp2012
By: Chris Martin

No. 1 

Here is your random matrix: 

4.3, 2.4, 2.9, 4.2, 4.2, 5.4, 6.8, 4.6, 6.7, 1.8, 6.3, 0.9, 4.6, 5.1, 4.7, 
7.1, 5.9, 1.3, 2.5, 0.8, 5.9, 9.5, 5.9, 1.5, 8.2, 5.7, 3.4, 5.4, 7.3, 3.1, 
8.6, 0.4, 3.4, 6.9, 5.5, 3.6, 2.6, 6.4, 4.2, 8.8, 1.5, 6.7, 4.6, 8.9, 3.9, 
7.1, 8.4, 2.7, 0, 4.9, 5.1, 2.5, 4.5, 6.2, 4.2, 2.6, 2.6, 3.9, 0.3, 8.4, 
9.1, 0.3, 6.2, 8, 5, 3.7, 4.6, 2.7, 0.3, 6.4, 9.2, 3.1, 1.2, 0.3, 2, 
4.2, 7, 7.8, 6.9, 2.1, 1.4, 2.3, 0.3, 7.1, 9.6, 1.5, 5.2, 5.3, 1.3, 5.3, 
9.6, 9.9, 5.9, 4.3, 9.9, 8.7, 1.4, 5.4, 7.4, 2.8, 3.1, 5.2, 9.2, 6.9, 1.6, 
9.4, 8.8, 6.6, 7.4, 5.1, 9.5, 9.2, 7.9, 2.4, 6.1, 4.5, 3.9, 4, 6.9, 1.2, 
6.5, 6.8, 8.7, 6.7, 1.3, 0.8, 2.3, 8.2, 6.4, 8.7, 8.5, 1.5, 2, 6.9, 2.3, 
1.1, 3.6, 1.1, 4.1, 5.7, 7.3, 2.7, 4.8, 3.3, 7.6, 8.5, 9.1, 5.3, 9.6, 5.6, 

Here is U: 
0.262001, -0.0431339, 0.163204, 0.128648, 0.170543, -0.284279, -0.383361, -0.304579, -0.731546, 0.0389483, -1.38774e-17, 0, 0, 0, 0, 
0.313252, 0.151393, 0.353724, 0.172071, 0.481791, 0.14079, 0.370764, -0.0233463, 0.0548255, -0.575554, 9.27954e-22, 0, 0, 0, 0, 
0.321714, 0.143513, 0.0979857, -0.37408, -0.403955, 0.227767, 0.321642, -0.628832, -0.020758, 0.109525, -1.17225e-21, 0, 0, 0, 0, 
0.259008, -0.456535, -0.2142, 0.076025, 0.361374, -0.399778, 0.0858385, -0.358084, 0.441136, 0.22852, -1.38778e-17, 0, 0, 0, 0, 
0.264517, 0.507964, -0.156471, 0.244197, -0.381262, -0.61038, 0.020689, 0.0777603, 0.167913, -0.187869, 9.0904e-22, 0, 0, 0, 0, 
0.276593, -0.0333696, -0.624469, -0.345801, 0.157531, -0.0253954, 0.366218, 0.326001, -0.38193, -0.0334446, -6.93988e-18, 0, 0, 0, 0, 
0.381724, -0.601416, -0.0198964, 0.123815, -0.466032, 0.159516, -0.198513, 0.164722, 0.0325913, -0.408197, 2.77561e-17, 0, 0, 0, 0, 
0.394891, 0.0452947, 0.1537, 0.497254, -0.0565356, 0.24574, 0.223285, 0.288007, -0.0526325, 0.609889, 3.47003e-18, 0, 0, 0, 0, 
0.332109, 0.350648, -0.363567, -0.0125601, 0.219907, 0.425808, -0.580326, -0.0933766, 0.243055, -0.0128631, -1.38778e-17, 0, 0, 0, 0, 
0.322835, 0.0187481, 0.47129, -0.605116, 0.0781234, -0.217505, -0.210144, 0.389756, 0.172713, 0.166837, -6.94072e-18, 0, 0, 0, 0, 

Here is V: 
0.342939, 0.0214507, -0.151079, 0.400513, -0.292396, -0.0421661, 0.260612, -0.455288, 0.276561, -0.32703, 0.390874, 0, 0, 0, 0, 
0.279781, -0.418251, -0.238533, 0.225327, 0.362091, 0.254314, -0.00185829, 0.437285, 0.28738, 0.0531248, 0.104401, -0.364955, 0.0658572, -0.102149, -0.0885398, 
0.23797, 0.138094, -0.495838, 0.127351, -0.147106, 0.117749, -0.148544, 0.21024, -0.116228, 0.156359, -0.0788637, 0.331363, 0.0527462, 0.625188, 0.113293, 
0.260066, 0.352105, -0.198786, -0.0318418, -0.331313, 0.0146577, 0.0317747, 0.14155, -0.369511, 0.279397, 0.100936, -0.350168, 0.220535, -0.445021, 0.206744, 
0.229921, -0.284479, 0.0836846, -0.0173511, -0.488179, -0.294134, -0.117964, -0.0334431, 0.0664995, 0.106243, -0.45137, -0.374034, -0.232734, 0.166279, -0.279065, 
0.269074, -0.250935, 0.374505, 0.204484, -0.0846128, -0.186572, 0.079946, 0.254634, -0.0204631, 0.274359, 0.116816, 0.406488, -0.343381, -0.162046, 0.413068, 
0.222546, 0.207919, 0.277058, 0.413159, 0.358544, -0.10632, 0.318109, 0.000316359, -0.473185, 0.0436934, -0.106555, -0.0599215, 0.0268371, 0.171629, -0.384443, 
0.264687, 0.0674801, 0.163744, 0.136636, 0.0863007, 0.297333, -0.233702, -0.3651, 0.280225, 0.330621, -0.407115, 0.249352, 0.361376, -0.218251, -0.0464246, 
0.227214, -0.29882, -0.310629, -0.187222, 0.14315, 0.0212785, -0.327921, -0.281197, -0.419484, -0.0273833, 0.1632, 0.240364, -0.287529, -0.279288, -0.313352, 
0.32232, 0.35407, -0.18242, -0.354873, 0.205978, 0.0872796, 0.383572, 0.0306121, 0.22791, -0.130725, -0.336325, 0.0433448, -0.459876, -0.121945, 0.0551506, 
0.255704, 0.387724, 0.129614, 0.0423551, 0.164503, -0.425046, -0.593881, 0.225508, 0.192521, -0.321225, 0.0919412, -0.00440959, 0.0340654, -0.0520476, -0.0427327, 
0.213766, -0.0408257, 0.14056, -0.449409, -0.185969, -0.0929034, 0.26544, 0.256571, 0.157108, 0.10256, 0.276894, 0.289918, 0.357445, 0.0222476, -0.476678, 
0.234388, -0.313033, 0.0705036, -0.124355, -0.0330554, 0.0239325, 0.0928909, 0.0774963, -0.287406, -0.606657, -0.33182, 0.0893765, 0.389258, -0.0329409, 0.298336, 
0.284277, 0.0607624, 0.452868, -0.271752, -0.03333, 0.526399, -0.19795, -0.106771, -0.102331, -0.0392469, 0.279782, -0.263755, -0.154803, 0.333045, 0.11413, 
0.1807, -0.146767, -0.0877007, -0.293321, 0.379129, -0.47265, 0.0852119, -0.352002, 0.0296265, 0.298031, 0.11036, -0.205445, 0.205632, 0.248162, 0.325298, 

Here is W: 
62.447
14.7579
13.9171
12.4414
10.4381
9.3376
8.73258
7.11329
6.17958
3.94595
2.65097e-18
0
0
0
0

No 2. 

Here is your random matrix: 

4.3, 2.4, 2.9, 4.2, 4.2, 5.4, 6.8, 4.6, 6.7, 1.8, 
6.3, 0.9, 4.6, 5.1, 4.7, 7.1, 5.9, 1.3, 2.5, 0.8, 
5.9, 9.5, 5.9, 1.5, 8.2, 5.7, 3.4, 5.4, 7.3, 3.1, 
8.6, 0.4, 3.4, 6.9, 5.5, 3.6, 2.6, 6.4, 4.2, 8.8, 
1.5, 6.7, 4.6, 8.9, 3.9, 7.1, 8.4, 2.7, 0, 4.9, 
5.1, 2.5, 4.5, 6.2, 4.2, 2.6, 2.6, 3.9, 0.3, 8.4, 
9.1, 0.3, 6.2, 8, 5, 3.7, 4.6, 2.7, 0.3, 6.4, 
9.2, 3.1, 1.2, 0.3, 2, 4.2, 7, 7.8, 6.9, 2.1, 
1.4, 2.3, 0.3, 7.1, 9.6, 1.5, 5.2, 5.3, 1.3, 5.3, 
9.6, 9.9, 5.9, 4.3, 9.9, 8.7, 1.4, 5.4, 7.4, 2.8, 

Is this matrix invertable?
It has an inverse condition number of: 0.00164786
The precision you can handle is approx 10^-15 (from NR3)

Here is your SVD inverse matrix: 
-0.918767, 0.0103038, 0.748078, 1.1644, 0.552033, -1.66051, 0.334286, -0.0220875, -0.0792038, -0.482194, 
-0.724801, -0.124337, 0.658805, 0.934275, 0.551618, -1.3982, 0.270356, -0.0484396, -0.0731131, -0.378187, 
1.9426, -0.144828, -1.60682, -2.64503, -1.25575, 3.4857, -0.340672, 0.135469, 0.1045, 1.10425, 
0.592819, -0.312577, -0.536339, -0.554638, -0.175938, 0.539298, 0.129617, -0.0217706, 0.0287064, 0.400883, 
-0.37987, 0.165164, 0.350469, 0.393251, 0.113312, -0.513814, 0.0143676, -0.0543031, 0.0780369, -0.223619, 
0.147222, 0.302841, -0.308419, -0.296326, -0.175291, 0.705616, -0.404121, 0.0433181, -0.00668852, 0.18539, 
-0.907197, 0.111517, 0.91488, 1.18432, 0.598359, -1.66186, 0.245409, -0.0444547, -0.0470232, -0.683859, 
3.06694, -0.245395, -2.9394, -4.29539, -2.01073, 5.76071, -0.789249, 0.414224, 0.306735, 2.00201, 
-0.829671, -0.061405, 1.0117, 1.5295, 0.669952, -2.051, 0.3104, -0.203579, -0.147776, -0.672707, 
-1.67384, 0.244338, 1.57204, 2.30953, 1.02527, -2.77052, 0.200704, -0.186221, -0.166851, -1.12152, 

Here is your ~unitary~ matrix: 
1, 7.99361e-15, 8.88178e-16, 1.77636e-15, 2.66454e-15, 2.66454e-15, 6.88338e-15, 3.10862e-15, 7.99361e-15, 8.21565e-15, 
4.44089e-16, 1.06495, 1.77636e-15, 2.22045e-15, 8.88178e-16, 1.33227e-15, 4.44089e-15, 3.9968e-15, 7.99361e-15, 4.88498e-15, 
-7.10543e-15, -1.95399e-14, 1.08857, -5.32907e-15, -7.10543e-15, 0, -8.43769e-15, -8.88178e-15, -1.77636e-14, -1.28786e-14, 
0, -3.10862e-15, 1.77636e-15, 1.10061, -1.33227e-15, 1.33227e-15, -2.9976e-15, 4.44089e-16, -3.55271e-15, -3.33067e-15, 
0, 2.22045e-15, -4.44089e-16, -1.22125e-15, 1.11455, -4.44089e-16, 1.60982e-15, 8.88178e-16, 2.66454e-15, 1.66533e-15, 
-1.11022e-15, -3.55271e-15, -1.77636e-15, -8.88178e-16, -3.77476e-15, 1.16624, -1.27676e-15, -2.88658e-15, -3.9968e-15, -1.55431e-15, 
-8.88178e-16, 8.88178e-15, -8.88178e-16, 1.77636e-15, 8.88178e-16, -8.88178e-16, 1.30424, 2.66454e-15, 7.99361e-15, 4.88498e-15, 
3.55271e-15, -2.84217e-14, -8.88178e-15, -5.32907e-15, -1.42109e-14, -1.06581e-14, -1.95399e-14, 1.35173, -2.4869e-14, -1.95399e-14, 
1.77636e-15, 9.76996e-15, 1.77636e-15, -1.77636e-15, 3.55271e-15, 8.88178e-16, 3.66374e-15, 3.9968e-15, 1.85915, 5.55112e-15, 
-1.77636e-15, 1.59872e-14, -2.66454e-15, -3.55271e-15, 1.77636e-15, 0, 8.43769e-15, 3.55271e-15, 1.59872e-14, 1, 

Using the Sherman-Morrison formula...
Here is the vector v: 
0, 0, 0, 1, 0, 0, 0, 0, 0, 0, 

Here is the vector u: 
4.3, 
2.4, 
2.9, 
4.2, 
4.2, 
5.4, 
6.8, 
4.6, 
6.7, 
1.8, 

Here are the intermediate parameters: 
Frist lambda: 
1.48619, 
Here is the vector z: 
-2.74137, 
-2.36903, 
6.47127, 
1.48619, 
-1.07477, 
0.740747, 
-2.95276, 
10.9374, 
-3.65211, 
-5.44996, 

Here is the vector w: 
0.592819, 
-0.312577, 
1.0357, 
1.75489, 
0.849329, 
-2.23122, 
0.33032, 
-0.207992, 
-0.138144, 
0.400883, 

Here is z*w^T: 
-1.62513, 0.856888, -0.896638, -4.21797, -2.70819, 6.26382, -1.81273, 3.63712, -0.450967, -2.77281, 
-1.3941, 0.616169, -2.59844, -4.46996, -1.84693, 5.58869, -0.671023, 0.247345, 0.265864, -0.705369, 
4.58437, -1.36397, 5.09549, 10.82, 5.8467, -14.7473, 3.05247, -4.28537, 0.117731, 4.16627, 
2.04544, 0.469726, -1.10578, 2.05346, 1.65551, -3.61235, 1.67524, -4.60451, 1.32419, 2.90531, 
-0.0851097, 0.887566, -2.36889, -2.06204, -0.79952, 2.22276, 0.243341, -1.78718, 0.818425, 0.59441, 
-1.22138, -1.62974, 4.25289, 1.83923, 0.115324, -0.947156, -1.41718, 5.60664, -2.15333, -2.47357, 
-1.41617, 1.19332, -3.39886, -5.05215, -2.4935, 6.18416, -0.729948, -0.175098, 0.718307, -0.98301, 
6.4618, -3.46722, 11.4634, 19.1721, 9.23513, -24.3604, 3.56839, -1.86066, -1.71452, 4.19839, 
-2.24424, 1.06845, -3.678, -6.38033, -3.0238, 8.14198, -1.25339, 1.06634, 0.356742, -1.63092, 
-3.71303, 1.32535, -4.54029, -9.16318, -4.85243, 12.3455, -2.48409, 3.13556, 0.0801738, -3.30632, 

Here is z*w/(1+lambda): 
-0.653664, 0.344659, -0.360647, -1.69656, -1.08929, 2.51945, -0.729118, 1.46293, -0.181389, -1.11528, 
-0.560739, 0.247837, -1.04515, -1.79792, -0.742874, 2.24789, -0.2699, 0.0994878, 0.106936, -0.283715, 
1.84393, -0.548617, 2.04952, 4.35204, 2.35167, -5.93168, 1.22777, -1.72367, 0.047354, 1.67576, 
0.822721, 0.188934, -0.44477, 0.825945, 0.665884, -1.45297, 0.673819, -1.85203, 0.53262, 1.16858, 
-0.034233, 0.356999, -0.95282, -0.829396, -0.321584, 0.894043, 0.097877, -0.718845, 0.329189, 0.239085, 
-0.491268, -0.655517, 1.71061, 0.739777, 0.0463859, -0.380967, -0.570019, 2.25511, -0.866116, -0.994924, 
-0.569614, 0.47998, -1.3671, -2.03209, -1.00294, 2.4874, -0.293601, -0.0704283, 0.288919, -0.395388, 
2.59908, -1.39459, 4.61081, 7.71144, 3.71457, -9.79831, 1.43528, -0.7484, -0.689616, 1.68869, 
-0.902683, 0.429755, -1.47937, -2.56631, -1.21624, 3.27488, -0.50414, 0.428907, 0.143489, -0.655992, 
-1.49346, 0.533083, -1.8262, -3.68563, -1.95175, 4.96562, -0.999156, 1.26119, 0.0322477, -1.32987, 

Here is your InvPrime matrix: 
-0.265103, -0.334356, 2.03514, 3.7818, 1.92667, -5.13412, 0.991777, -0.839851, -0.158568, 0.408427, 
0.0656247, -0.52187, 2.06609, 3.32963, 1.65972, -4.42843, 0.693671, -0.286647, -0.24776, 0.117922, 
-0.342107, 0.889441, -5.127, -8.96329, -4.41235, 11.6792, -1.6943, 1.37015, 0.445027, -0.61323, 
-0.0924719, -0.201719, -0.976563, -1.93588, -0.951481, 2.45749, -0.338866, 0.847492, -0.102946, -0.308785, 
-0.109828, -0.113554, 1.18144, 1.48548, 0.609822, -1.83797, 0.117795, 0.144918, -0.114089, -0.146484, 
0.168194, 0.659635, -1.30504, -1.11674, -0.447001, 1.52363, -0.273263, -0.801769, 0.382842, 0.466129, 
0.0259851, -0.452779, 2.69483, 4.08589, 2.01048, -5.3123, 0.755813, -0.263152, -0.327302, -0.0487092, 
-0.586426, 1.69065, -9.35029, -15.1173, -7.24123, 19.5175, -2.81972, 1.63026, 1.19185, -0.440806, 
0.404234, -0.693425, 3.12814, 5.13958, 2.40678, -6.6458, 0.998403, -0.681626, -0.408419, 0.180028, 
0.226377, -0.655278, 4.57694, 7.63884, 3.67211, -9.65886, 1.32668, -1.14944, -0.482647, -0.242746, 

No 3. 

Here is your Hilbert Matrix of random Dim from 1 to 20: 
1, 0.5, 0.333333, 0.25, 
0.5, 0.333333, 0.25, 0.2, 
0.333333, 0.25, 0.2, 0.166667, 
0.25, 0.2, 0.166667, 0.142857, 

Here is the analytical inverse from Wolframs Math World Formula: 
16, -120, 240, -140, 
-120, 1200, -2700, 1680, 
240, -2700, 6480, -4200, 
-140, 1680, -4200, 2800, 

Here is your ~unitary~ matrix: 
1, 0, 0, 0.166243, 
0, 1, 0, 0, 
0, 0, 1, -5.68434e-14, 
0, 0, 0.304238, 1, 


Is this matrix invertable?
It has an inverse condition number of: 6.4459e-05
The precision you can handle is approx 10^-15 (from NR3)

Here is your SVD inverse matrix: 
14.2241, -118.582, 241.265, -140.404, 
-121.253, 1193.84, -2700.56, 1677.29, 
244.216, -2704.08, 6485.67, -4192.05, 
-133.98, 1679.55, -4191.42, 2797.19, 

Here is your ~unitary~ matrix: 
0.254235, -0.179499, 2.84846, 4.19296, 
-0.998804, 3.54941, 4.27798, 2.57374, 
12.7559, 5.55717, 152.252, 2.31976, 
14.4254, 5.93052, 2.06817, 10344.5, 
